933979.686057248 -444444.444444444 -444444.444444444 0 0 0 0 0 0 0 0 0 0 0 0 -27777.7777777778 -17313.0193905817 0 0
-444444.444444444 1168871.71358246 0 -444444.444444444 0 -277008.310249307 0 0 0 0 0 0 0 0 0 0 0 -1612.87721165788 0
-444444.444444444 0 835069.694444444 -390625 0 0 0 0 0 0 0 0 0 0 0 0 0 -0.25 0
0 -444444.444444444 -390625 2119158.32833072 -444444.444444444 0 0 0 0 0 0 0 -444444.444444444 -390625 -2684.63582914978 -1890.35916824197 0 0 0
0 0 0 -444444.444444444 1065993.18051353 -444444.444444444 0 0 0 -73046.0189919649 0 0 0 0 0 0 0 0 0
0 -277008.310249307 0 0 -444444.444444444 1849138.40493479 -444444.444444444 -97656.25 -444444.444444444 0 0 0 -118906.064209275 -20408.1632653061 0 -1826.28387756593 0 0 0
0 0 0 0 0 -444444.444444444 835069.444444444 0 0 -390625 0 0 0 0 0 0 0 0 0
0 0 0 0 0 -97656.25 0 97656.25 0 0 0 0 0 0 0 0 0 0 0
0 0 0 0 0 -444444.444444444 0 0 633480.361268641 -189035.916824197 0 0 0 0 0 0 0 0 0
0 0 0 0 -73046.0189919649 0 -390625 0 -189035.916824197 1151329.46158045 -444444.444444444 -51652.8925619835 0 -2525.18875785965 0 0 0 0 0
0 0 0 0 0 0 0 0 0 -444444.444444444 444444.444444444 0 0 0 0 0 0 0 0
0 0 0 0 0 0 0 0 0 -51652.8925619835 0 54337.5283911332 0 0 0 0 0 0 0
0 0 0 -444444.444444444 0 -118906.064209275 0 0 0 0 0 0 644983.161714944 0 0 0 0 0 0
0 0 0 -390625 0 -20408.1632653061 0 0 0 -2525.18875785965 0 0 0 640315.721637678 0 0 0 0 0
0 0 0 -2684.63582914978 0 0 0 0 0 0 0 0 0 0 479442.005443662 0 0 -250000 0
-27777.7777777778 0 0 -1890.35916824197 0 -1826.28387756593 0 0 0 0 0 0 0 0 0 431862.901549209 0 -173611.111111111 0
-17313.0193905817 0 0 0 0 0 0 0 0 0 0 0 0 0 0 0 281052.637525804 -226757.369614513 0
0 -1612.87721165788 -0.25 0 0 0 0 0 0 0 0 0 0 0 -250000 -173611.111111111 -226757.369614513 651981.607937281 0
0 0 0 0 0 0 0 0 0 0 0 0 0 0 0 0 0 0 952.598689224204
